Capitec Bank Durban        01    81 90 66 70 37 53 80 91 86 82 66 67 78 56 58 75 84 65 99      -29.8599389      31.0128046
Standard Bank | Durb       02 81    91 61 84 53 72 54 86 84 86 72 76 69 69 73 70    74 53      -29.8588723      31.0221991 
African Bank DBN Ant       03 90 91    66 84 51 66 58 90 99 99 80 77 74 64 68 74 95 76 58      -29.8602815      31.0213494
Capitec Bank Durban        04 66 61 66    62 39 50 55 66 67 68 72 70 73 53 54 68 64 56 52      -29.858687      31.037651
FNB Bank- Durban           05 70 84 84 62    59 72 57 75 91 99 76 82 70 68 72 72 86 65 55      -29.8597604      31.0231155
Standard Bank | Anto       06 37 53 51 39 59    57 27 45 56 57 56 68 42 54 53 48 54 42 21      -29.859197      31.0241716
Durban West Street 3       07 53 72 66 50 72 57    41 62 67 70 63 69 56 65 70 60 72 56 39      -29.858799      31.023459
Grindrod Bank Limite       08 80 54 58 55 57 27 41    75 56 57 59 63 87 60 58 96 56 50 99      -29.8467152      31.0294646
Durban West Street 4       09 91 86 90 66 75 45 62 75    86 81 72 72 69 55 57 67 88 86 86      -29.858897      31.018515 
Durban Meeting             10 86 84 99 67 91 56 67 56 86    99 85 83 71 64 68 72 88 66 55      -29.860435      31.023132
Bidvest Bank               11 82 86 99 68 99 57 70 57 81 99    86 84 73 67 70 74 88 71 54      -29.8599812      31.0228354
Absa International B       12 66 72 80 72 76 56 63 59 72 85 86    82 75 62 63 75 75 61 55      -29.860592      31.0258412 
Absa | Branch | Durb       13 67 76 77 70 82 68 69 63 72 83 84 82    79 68 69 80 78 63 56      -29.8595514      31.0244614 
FNB Bank                   14 78 69 74 73 70 42 56 87 69 71 73 75 79    66 64 91 73 66 86      -29.8540653      31.0317814 
African Bank DBN Dr        15 56 69 64 53 68 54 65 60 55 64 67 62 68 66    78 69 70 58 55      -29.858087      31.023962 
Nedbank Durban Centr       16 58 73 68 54 72 53 70 58 57 68 70 63 69 64 78    68 73 60 56      -29.858105      31.02337 
South African Reserv       17 75 70 74 68 72 48 60 96 67 72 74 75 80 91 69 68    73 67 91      -29.8560261      31.0282933 
Standard Bank              18 84    95 64 86 54 72 56 88 88 88 75 78 73 70 73 73    76 54      -29.85887159999999      31.0221066
Standard Bank              19 65 74 76 56 65 42 56 50 86 66 71 61 63 66 58 60 67 76    52      -29.859808      31.017994 
Ithala Bank                20 99 53 58 52 55 21 39 99 86 55 54 55 56 86 55 56 91 54 52        -29.8426706      31.0216847  