Capitec Bank Durban        01    93 82 73 69 70 70 73 84 54 92 55 54 73 55 54 69 95 65 59      -29.8599389      31.0128046
Standard Bank | Durb       02 93    98 70 88 82 86 56 91 67 96 67 68 71 68 71 71    90 67      -29.8588723      31.0221991
African Bank DBN Ant       03 82 98    73 84 81 71 55 85 74 99 69 67 64 58 66 64 98 80 65      -29.8602815      31.0213494
Capitec Bank Durban        04 73 70 73    68 81 67 58 69 50 86 69 64 75 56 55 70 72 65 67      -29.858687      31.037651
FNB Bank- Durban           05 69 88 84 68    88 83 56 72 73 99 68 72 70 65 69 71 87 68 67      -29.8597604      31.0231155
Standard Bank | Anto       06 70 82 81 81 88    84 72 73 66 93 73 88 89 68 69 82 83 69 66      -29.859197      31.0241716
Durban West Street 3       07 70 86 71 67 83 84    55 75 62 84 65 70 70 70 75 72 86 70 65      -29.858799      31.023459
Grindrod Bank Limite       08 73 56 55 58 56 72 55    69 31 62 45 46 80 59 55 89 55 55 96      -29.8467152      31.0294646
Durban West Street 4       09 84 91 85 69 72 73 75 69    60 80 62 60 62 53 52 60 90 86 72      -29.858897      31.018515
Durban Meeting             10 54 67 74 50 73 66 62 31 60    85 59 60 48 52 54 51 64 57 45      -29.860435      31.023132
Bidvest Bank               11 92 96 99 86 99 93 84 62 80 85    69 73 78 66 69 76 95 76 69      -29.8599812      31.0228354
Absa International B       12 55 67 69 69 68 73 65 45 62 59 69    66 63 56 56 64 68 57 55      -29.860592      31.0258412
Absa | Branch | Durb       13 54 68 67 64 72 88 70 46 60 60 73 66    64 60 61 66 69 57 53      -29.8595514      31.0244614
FNB Bank                   14 73 71 64 75 70 89 70 80 62 48 78 63 64    65 62 85 73 70 79      -29.8540653      31.0317814
African Bank DBN Dr        15 55 68 58 56 65 68 70 59 53 52 66 56 60 65    76 68 68 59 67      -29.858087      31.023962
Nedbank Durban Centr       16 54 71 66 55 69 69 75 55 52 54 69 56 61 62 76    65 71 60 64      -29.858105      31.02337
South African Reserv       17 69 71 64 70 71 82 72 89 60 51 76 64 66 85 68 65    72 69 79      -29.8560261      31.0282933
Standard Bank              18 95    98 72 87 83 86 55 90 64 95 68 69 73 68 71 72    88 65      -29.85887159999999      31.0221066
Standard Bank              19 65 90 80 65 68 69 70 55 86 57 76 57 57 70 59 60 69 88    60      -29.859808      31.017994
Ithala Bank                20 59 67 65 67 67 66 65 96 72 45 69 55 53 79 67 64 79 65 60        -29.8426706      31.0216847 